[gate.JPG]
filters=dir_tint=1,0.500000,0.500000,0.643275,0.473684,ffffffff,0;
moddate=3481354f7cefd801
width=500
height=155
textactive=0
