[TMC.jpeg]
filters=tilt=1,0.201534,0.000000;crop64=1,6a306a3f462c6cb;finetune2=1,0.105263,0.050526,0.112281,00000000,-0.146199;
crop=rect64(6a306a3f462c6cb)
moddate=2136e7485fddd801
width=1080
height=810
text=1;158;29;Technical Management Commitee;Arial Black;0.224706,0.726835,0.037531,0.000000;v1,4294967295,4278190080,128.000000,1.000000,0.373832,0.871094,400,258,49152;;
textactive=1
[MHWUN.jpeg]
moddate=cc3704c65fddd801
width=480
height=311
text=1;192;65;Medical and Health Workers Union of Nigeria (MHWUN) NOFICN Branch;Arial Black;0.006544,0.938424,0.038585,0.000000;v1,4278190080,4294967295,128.000000,1.000000,0.500000,1.000000,400,2,49152;;
textactive=1
[Security Officers.jpeg]
moddate=6d5c840e60ddd801
width=480
height=320
text=1;147;20;NOFICN Security Unit;Arial Black;0.291583,0.919544,0.050000,0.000000;v1,4294967295,4278650631,128.000000,1.000000,0.500000,1.000000,400,2,49152;;
textactive=1
